+0 000 000 000
+0 000 000 001
+0 000 000 001
+0 000 000 000
+0 000 000 000
+0 000 000 250
+0 000 000 266
+0 000 000 000
+0 000 000 001
+0 000 000 000
+0 000 000 000
+0 000 000 000
+0 000 000 000
+0 000 000 000
+0 000 000 000
+0 000 000 000
+0 000 000 000
+0 000 000 000
+0 000 000 000
+0 000 000 000
+0 000 000 000
+0 000 000 000
+0 000 000 000
+0 000 000 000
+0 000 000 000
+0 000 000 000
+0 000 000 000
+0 000 000 000
+0 000 000 000
+0 000 000 000
+0 000 000 000
+9 999 999 999
+8 000 000 003
+8 000 000 004
+4 005 000 007
-6 005 015 002
+1 002 001 002
-1 005 001 005
+4 000 000 002
+7 015 006 009
+4 000 000 016
+6 015 008 007
+4 007 000 007
+1 009 007 009
+1 011 001 011
+1 007 001 010
+1 008 001 008
+4 000 000 007
-2 009 011 012
-8 000 000 009
-8 000 000 012
-8 000 000 016
-8 000 000 017
-8 000 000 018
-8 000 000 019
-8 000 000 020
-8 000 000 021
-8 000 000 022
-8 000 000 023
-8 000 000 024
-8 000 000 025
-8 000 000 026
-8 000 000 027
-8 000 000 028
-8 000 000 029
-8 000 000 030
-8 000 000 031
-8 000 000 032
-8 000 000 033
-8 000 000 034
-8 000 000 035
-8 000 000 036
-8 000 000 037
-8 000 000 038
-8 000 000 039
-8 000 000 040
+9 999 999 999
5
7