+0 000 000 000
+0 000 000 001
+0 000 000 001
+0 000 000 000
+9 999 999 999
+1 000 001 002
+1 001 002 003
+1 002 003 004
+1 003 004 005
+1 004 005 006
+1 005 006 007
+1 006 007 008
+1 007 008 009
+1 008 009 010
+1 009 010 011
+1 010 011 012
+1 011 012 013
+1 012 013 014
+1 013 014 015
+1 014 015 016
+1 015 016 017
+1 016 017 018
+1 017 018 019
+1 018 019 020
-8 000 000 001
-8 000 000 002
-8 000 000 003
-8 000 000 004
-8 000 000 005
-8 000 000 006
-8 000 000 007
-8 000 000 008
-8 000 000 009
-8 000 000 010
-8 000 000 011
-8 000 000 012
-8 000 000 013
-8 000 000 014
-8 000 000 015
-8 000 000 016
-8 000 000 017
-8 000 000 018
-8 000 000 019
-8 000 000 020
+9 999 999 999